 1850 -0.734 -0.360 -0.627 -0.605 -0.532 -0.352 -0.176 -0.223 -0.394 -0.516 -0.277 -0.322 -0.426
 1850     54     49     46     49     51     51     54     57     58     57     60     60
 1851 -0.266 -0.467 -0.641 -0.528 -0.222 -0.207 -0.136 -0.148 -0.146 -0.045 -0.108 -0.248 -0.264
 1851     60     56     57     56     57     55     56     61     49     52     50     50
 1852 -0.346 -0.496 -0.567 -0.575 -0.113 -0.077  0.009 -0.149 -0.006 -0.158 -0.275  0.064 -0.224
 1852     54     55     57     57     57     60     58     59     55     56     55     58
 1853 -0.204 -0.399 -0.273 -0.401 -0.270 -0.124 -0.072 -0.040 -0.266 -0.373 -0.401 -0.326 -0.262
 1853     59     59     58     56     60     60     61     65     64     69     62     65
 1854 -0.403 -0.392 -0.247 -0.327 -0.277 -0.302 -0.162 -0.233 -0.216 -0.099 -0.412 -0.454 -0.294
 1854     66     65     64     65     65     62     66     66     61     64     63     59
 1855 -0.170 -0.313 -0.345 -0.211 -0.368 -0.333 -0.315 -0.202 -0.259 -0.200 -0.374 -0.408 -0.291
 1855     62     68     62     62     67     64     69     68     65     59     62     57
 1856 -0.083 -0.347 -0.371 -0.314 -0.293 -0.225 -0.223 -0.249 -0.402 -0.446 -0.561 -0.423 -0.328
 1856     61     67     70     70     67     65     67     72     66     68     72     65
 1857 -0.494 -0.442 -0.488 -0.675 -0.654 -0.291 -0.404 -0.356 -0.368 -0.467 -0.662 -0.289 -0.466
 1857     67     69     67     66     71     67     69     64     67     71     64     59
 1858 -0.336 -0.488 -0.566 -0.430 -0.523 -0.360 -0.341 -0.288 -0.280 -0.292 -0.404 -0.455 -0.397
 1858     60     65     62     68     65     62     69     70     71     68     63     66
 1859 -0.405 -0.351 -0.322 -0.189 -0.170 -0.240 -0.290 -0.266 -0.401 -0.247 -0.310 -0.311 -0.292
 1859     65     63     67     66     67     70     66     66     64     62     60     60
 1860 -0.390 -0.478 -0.789 -0.310 -0.371 -0.213 -0.211 -0.137 -0.177 -0.391 -0.622 -0.797 -0.407
 1860     60     57     57     64     64     57     57     57     48     53     53     51
 1861 -0.905 -0.681 -0.422 -0.396 -0.697 -0.272 -0.349 -0.098 -0.334 -0.516 -0.488 -0.408 -0.464
 1861     50     51     46     42     39     40     44     45     46     47     44     46
 1862 -0.830 -0.797 -0.538 -0.533 -0.345 -0.275 -0.356 -0.500 -0.399 -0.501 -0.685 -0.898 -0.555
 1862     46     48     43     46     50     52     49     49     52     50     44     42
 1863 -0.087 -0.284 -0.414 -0.336 -0.391 -0.418 -0.357 -0.335 -0.405 -0.561 -0.500 -0.506 -0.383
 1863     47     44     45     47     50     50     44     45     41     40     39     39
 1864 -0.825 -0.605 -0.531 -0.557 -0.346 -0.116 -0.287 -0.344 -0.526 -0.672 -0.492 -0.627 -0.494
 1864     42     43     42     42     45     49     46     46     43     42     46     44
 1865 -0.230 -0.513 -0.717 -0.545 -0.495 -0.251 -0.297 -0.247 -0.233 -0.329 -0.338 -0.513 -0.392
 1865     42     41     41     43     43     44     40     46     41     39     39     40
 1866 -0.230 -0.472 -0.748 -0.549 -0.599 -0.130 -0.053 -0.291 -0.462 -0.460 -0.363 -0.443 -0.400
 1866     42     44     40     41     41     42     43     42     42     42     42     42
 1867 -0.501 -0.408 -0.712 -0.489 -0.616 -0.350 -0.259 -0.325 -0.194 -0.157 -0.291 -0.492 -0.399
 1867     38     41     46     43     41     43     46     43     43     42     43     41
 1868 -0.707 -0.711 -0.332 -0.384 -0.282 -0.298 -0.047 -0.195 -0.375 -0.243 -0.451 -0.335 -0.363
 1868     42     43     46     46     46     46     51     53     57     51     54     52
 1869 -0.304  0.137 -0.651 -0.412 -0.311 -0.396 -0.432 -0.178 -0.169 -0.291 -0.291 -0.525 -0.319
 1869     49     52     51     50     52     52     48     53     64     61     61     57
 1870 -0.214 -0.457 -0.495 -0.357 -0.304 -0.207 -0.083 -0.256 -0.202 -0.428 -0.255 -0.675 -0.328
 1870     61     62     62     57     57     61     62     54     55     47     58     54
 1871 -0.591 -0.688 -0.171 -0.222 -0.348 -0.270 -0.073 -0.324 -0.357 -0.373 -0.542 -0.520 -0.373
 1871     55     52     56     65     57     58     55     61     58     53     57     57
 1872 -0.594 -0.627 -0.519 -0.366 -0.121 -0.267 -0.109  0.033 -0.155 -0.174 -0.292 -0.521 -0.309
 1872     61     59     57     61     60     60     58     61     64     65     61     67
 1873 -0.237 -0.272 -0.390 -0.462 -0.319 -0.297 -0.158 -0.217 -0.378 -0.377 -0.429 -0.320 -0.321
 1873     62     58     65     61     64     66     63     71     59     66     66     65
 1874 -0.182 -0.429 -0.664 -0.422 -0.311 -0.556 -0.171 -0.287 -0.160 -0.467 -0.422 -0.316 -0.365
 1874     59     63     66     65     56     57     63     63     66     69     66     62
 1875 -0.576 -0.443 -0.559 -0.340 -0.251 -0.265 -0.181 -0.227 -0.237 -0.230 -0.507 -0.585 -0.367
 1875     62     66     68     65     67     69     74     70     65     66     65     67
 1876 -0.503 -0.328 -0.338 -0.394 -0.548 -0.324 -0.201 -0.326 -0.436 -0.306 -0.601 -0.627 -0.411
 1876     63     65     64     61     66     73     68     65     59     65     67     67
 1877 -0.409 -0.195 -0.070 -0.316 -0.403 -0.109  0.017  0.230  0.127  0.125  0.043 -0.028 -0.082
 1877     65     63     69     64     62     65     65     68     72     64     64     69
 1878 -0.041  0.261  0.403  0.210 -0.092  0.018 -0.062 -0.045  0.028 -0.148 -0.119 -0.290  0.010
 1878     71     71     64     70     66     64     67     77     72     68     71     72
 1879 -0.212 -0.237 -0.247 -0.357 -0.330 -0.250 -0.273 -0.262 -0.229 -0.150 -0.375 -0.542 -0.289
 1879     67     70     75     74     75     78     75     77     73     70     72     71
 1880 -0.382 -0.433 -0.182 -0.325 -0.318 -0.367 -0.320 -0.095 -0.288 -0.375 -0.259 -0.294 -0.303
 1880     72     75     70     65     65     74     75     77     74     74     75     77
 1881 -0.174 -0.200 -0.215 -0.053 -0.099 -0.390 -0.183 -0.132 -0.287 -0.217 -0.370 -0.237 -0.213
 1881     74     76     77     78     72     73     74     78     79     79     78     79
 1882 -0.012 -0.098 -0.146 -0.289 -0.290 -0.358 -0.308 -0.224 -0.145 -0.382 -0.385 -0.628 -0.272
 1882     79     78     82     81     79     78     82     80     77     79     78     78
 1883 -0.440 -0.448 -0.249 -0.417 -0.323 -0.159 -0.216 -0.278 -0.301 -0.323 -0.373 -0.403 -0.328
 1883     81     77     80     79     80     78     82     83     85     86     83     83
 1884 -0.426 -0.310 -0.491 -0.469 -0.546 -0.488 -0.556 -0.420 -0.498 -0.448 -0.569 -0.472 -0.474
 1884     78     82     79     83     87     86     84     85     84     85     85     84
 1885 -0.645 -0.539 -0.408 -0.618 -0.592 -0.626 -0.409 -0.396 -0.348 -0.346 -0.368 -0.204 -0.458
 1885     84     84     86     86     85     83     83     85     86     87     86     87
 1886 -0.458 -0.470 -0.467 -0.343 -0.279 -0.498 -0.297 -0.450 -0.380 -0.399 -0.476 -0.381 -0.408
 1886     85     88     88     85     87     88     87     86     86     87     85     87
 1887 -0.734 -0.646 -0.435 -0.473 -0.512 -0.512 -0.379 -0.438 -0.379 -0.434 -0.428 -0.489 -0.488
 1887     88     86     86     87     83     84     86     85     86     85     87     83
 1888 -0.615 -0.585 -0.593 -0.344 -0.399 -0.315 -0.335 -0.304 -0.320 -0.158 -0.256 -0.248 -0.373
 1888     82     83     87     85     83     84     84     84     81     83     82     80
 1889 -0.294 -0.005 -0.079 -0.082 -0.158 -0.216 -0.291 -0.315 -0.349 -0.361 -0.509 -0.346 -0.250
 1889     80     78     82     84     81     77     78     81     82     79     80     83
 1890 -0.516 -0.449 -0.616 -0.492 -0.529 -0.485 -0.486 -0.469 -0.477 -0.437 -0.667 -0.381 -0.500
 1890     83     77     76     79     80     79     80     82     79     76     78     77
 1891 -0.574 -0.593 -0.356 -0.438 -0.334 -0.365 -0.400 -0.361 -0.261 -0.334 -0.530 -0.223 -0.398
 1891     77     77     77     76     81     79     77     77     76     78     80     78
 1892 -0.472 -0.288 -0.522 -0.537 -0.452 -0.432 -0.590 -0.511 -0.387 -0.437 -0.662 -0.789 -0.507
 1892     78     80     81     77     79     80     72     79     80     77     76     77
 1893 -1.040 -0.846 -0.421 -0.508 -0.570 -0.453 -0.253 -0.295 -0.369 -0.305 -0.402 -0.477 -0.495
 1893     77     79     78     79     80     75     79     82     83     79     81     76
 1894 -0.630 -0.419 -0.498 -0.523 -0.514 -0.580 -0.398 -0.355 -0.440 -0.399 -0.451 -0.538 -0.479
 1894     80     79     77     79     77     79     76     80     80     79     76     77
 1895 -0.636 -0.632 -0.610 -0.448 -0.469 -0.421 -0.338 -0.374 -0.388 -0.314 -0.312 -0.360 -0.442
 1895     79     77     74     73     77     76     77     79     79     83     79     79
 1896 -0.314 -0.329 -0.580 -0.529 -0.347 -0.224 -0.185 -0.173 -0.155 -0.117 -0.308 -0.083 -0.279
 1896     80     80     78     80     75     80     81     80     78     83     83     79
 1897 -0.290 -0.338 -0.410 -0.109 -0.121 -0.170 -0.190 -0.183 -0.176 -0.206 -0.410 -0.453 -0.255
 1897     76     77     78     82     84     81     81     80     86     82     81     81
 1898 -0.185 -0.544 -0.833 -0.660 -0.548 -0.334 -0.391 -0.395 -0.360 -0.476 -0.495 -0.467 -0.474
 1898     82     83     81     82     86     86     83     84     82     85     82     85
 1899 -0.344 -0.528 -0.563 -0.418 -0.358 -0.507 -0.364 -0.237 -0.143 -0.176 -0.047 -0.448 -0.344
 1899     84     82     82     86     89     83     83     86     88     87     85     86
 1900 -0.481 -0.192 -0.199 -0.225 -0.301 -0.223 -0.210 -0.210 -0.193 -0.058 -0.257 -0.213 -0.230
 1900     81     82     80     82     85     80     82     83     84     85     84     86
 1901 -0.264 -0.258 -0.180 -0.165 -0.234 -0.256 -0.346 -0.211 -0.356 -0.336 -0.374 -0.466 -0.287
 1901     87     88     87     88     86     87     86     87     89     87     87     86
 1902 -0.425 -0.224 -0.456 -0.444 -0.435 -0.450 -0.411 -0.431 -0.373 -0.497 -0.554 -0.549 -0.437
 1902     88     86     89     89     88     90     91     90     86     86     87     86
 1903 -0.423 -0.235 -0.406 -0.590 -0.514 -0.549 -0.511 -0.611 -0.571 -0.674 -0.631 -0.708 -0.535
 1903     85     90     90     89     91     89     90     91     90     88     90     92
 1904 -0.797 -0.767 -0.694 -0.645 -0.611 -0.569 -0.559 -0.484 -0.600 -0.553 -0.392 -0.494 -0.597
 1904     90     90     87     87     90     90     89     91     89     89     88     90
 1905 -0.457 -0.715 -0.519 -0.558 -0.434 -0.345 -0.376 -0.306 -0.347 -0.334 -0.215 -0.264 -0.406
 1905     89     87     88     88     90     87     91     89     87     87     91     90
 1906 -0.285 -0.377 -0.282 -0.100 -0.372 -0.229 -0.346 -0.272 -0.352 -0.320 -0.531 -0.317 -0.315
 1906     87     91     88     88     89     91     88     91     88     85     88     88
 1907 -0.516 -0.615 -0.427 -0.472 -0.637 -0.539 -0.431 -0.493 -0.400 -0.332 -0.548 -0.583 -0.499
 1907     90     89     89     90     90     90     90     89     91     86     91     92
 1908 -0.452 -0.406 -0.697 -0.581 -0.438 -0.409 -0.396 -0.481 -0.383 -0.568 -0.638 -0.630 -0.507
 1908     87     89     91     92     89     87     89     88     87     91     90     93
 1909 -0.755 -0.533 -0.651 -0.630 -0.589 -0.507 -0.528 -0.328 -0.407 -0.490 -0.384 -0.592 -0.533
 1909     91     88     89     89     88     89     93     90     89     91     90     92
 1910 -0.417 -0.505 -0.602 -0.525 -0.523 -0.552 -0.442 -0.391 -0.418 -0.477 -0.668 -0.745 -0.522
 1910     93     91     86     87     90     90     88     87     87     89     92     90
 1911 -0.656 -0.706 -0.765 -0.642 -0.641 -0.560 -0.497 -0.510 -0.501 -0.352 -0.343 -0.303 -0.540
 1911     92     90     91     89     90     88     90     90     81     85     88     88
 1912 -0.326 -0.312 -0.557 -0.338 -0.335 -0.290 -0.510 -0.580 -0.646 -0.685 -0.556 -0.577 -0.476
 1912     91     93     90     90     92     91     92     91     88     90     91     91
 1913 -0.546 -0.540 -0.601 -0.523 -0.548 -0.546 -0.487 -0.400 -0.418 -0.442 -0.362 -0.150 -0.464
 1913     92     93     93     89     93     91     92     93     91     92     90     93
 1914 -0.071 -0.255 -0.392 -0.401 -0.309 -0.311 -0.298 -0.245 -0.302 -0.110 -0.182 -0.238 -0.259
 1914     92     93     93     92     92     92     92     91     83     89     88     88
 1915 -0.284 -0.213 -0.195 -0.086 -0.177 -0.174 -0.177 -0.064 -0.112 -0.282 -0.170 -0.352 -0.191
 1915     90     86     86     89     85     85     87     85     89     86     86     89
 1916 -0.336 -0.265 -0.435 -0.381 -0.427 -0.498 -0.386 -0.297 -0.325 -0.372 -0.509 -0.812 -0.420
 1916     88     83     87     83     86     82     84     87     86     86     85     83
 1917 -0.692 -0.716 -0.780 -0.544 -0.641 -0.478 -0.257 -0.339 -0.303 -0.533 -0.455 -0.787 -0.544
 1917     86     80     86     86     83     83     80     78     83     85     82     77
 1918 -0.519 -0.677 -0.582 -0.627 -0.527 -0.389 -0.371 -0.444 -0.274 -0.117 -0.169 -0.417 -0.426
 1918     84     80     83     80     79     80     80     81     78     78     74     77
 1919 -0.243 -0.236 -0.394 -0.209 -0.312 -0.370 -0.321 -0.258 -0.294 -0.272 -0.561 -0.519 -0.332
 1919     77     79     77     76     82     85     81     80     80     81     83     84
 1920 -0.275 -0.545 -0.169 -0.342 -0.260 -0.253 -0.318 -0.234 -0.205 -0.222 -0.339 -0.492 -0.304
 1920     85     87     85     81     86     80     85     88     85     87     83     88
 1921 -0.230 -0.295 -0.348 -0.294 -0.300 -0.159 -0.152 -0.317 -0.197 -0.129 -0.194 -0.280 -0.241
 1921     89     88     87     87     88     88     87     90     89     89     88     90
 1922 -0.418 -0.406 -0.330 -0.295 -0.468 -0.297 -0.264 -0.354 -0.317 -0.347 -0.254 -0.308 -0.338
 1922     91     92     90     90     90     92     90     92     92     91     91     91
 1923 -0.404 -0.488 -0.460 -0.408 -0.401 -0.260 -0.414 -0.321 -0.334 -0.168 -0.025 -0.092 -0.315
 1923     92     90     92     90     92     91     91     91     92     91     91     90
 1924 -0.328 -0.310 -0.177 -0.338 -0.212 -0.270 -0.296 -0.314 -0.325 -0.359 -0.283 -0.490 -0.309
 1924     91     92     91     90     92     90     92     90     89     88     92     90
 1925 -0.484 -0.474 -0.374 -0.301 -0.307 -0.340 -0.337 -0.166 -0.254 -0.283 -0.052  0.019 -0.280
 1925     91     92     91     90     90     90     92     91     89     89     90     91
 1926  0.082 -0.037  0.021 -0.160 -0.267 -0.181 -0.209 -0.102 -0.118 -0.069 -0.110 -0.317 -0.122
 1926     92     91     92     89     91     91     91     89     91     91     91     92
 1927 -0.310 -0.206 -0.408 -0.316 -0.231 -0.250 -0.211 -0.207 -0.109 -0.021 -0.120 -0.320 -0.226
 1927     89     92     94     92     92     92     91     91     92     91     92     91
 1928 -0.025 -0.123 -0.318 -0.236 -0.302 -0.332 -0.190 -0.177 -0.207 -0.187 -0.172 -0.232 -0.208
 1928     91     90     90     92     92     91     92     91     90     90     89     90
 1929 -0.434 -0.601 -0.485 -0.441 -0.435 -0.404 -0.436 -0.262 -0.273 -0.214 -0.137 -0.562 -0.390
 1929     91     90     90     91     91     91     90     89     90     90     91     91
 1930 -0.358 -0.338 -0.244 -0.224 -0.247 -0.197 -0.180 -0.090 -0.093 -0.081  0.069 -0.055 -0.170
 1930     90     90     89     91     92     90     88     89     89     91     89     89
 1931 -0.127 -0.254 -0.114 -0.181 -0.201 -0.023 -0.010 -0.036 -0.050 -0.022 -0.149 -0.101 -0.106
 1931     92     92     90     91     91     91     88     89     91     88     91     92
 1932  0.070 -0.188 -0.201 -0.077 -0.167 -0.256 -0.134 -0.188 -0.003 -0.094 -0.296 -0.266 -0.150
 1932     91     92     91     93     93     91     91     90     91     92     92     94
 1933 -0.324 -0.349 -0.401 -0.303 -0.291 -0.327 -0.294 -0.154 -0.328 -0.249 -0.406 -0.515 -0.328
 1933     94     95     94     91     90     88     90     91     89     92     93     94
 1934 -0.330 -0.148 -0.429 -0.385 -0.150 -0.091 -0.180 -0.116 -0.139 -0.083  0.036 -0.109 -0.177
 1934     95     94     92     92     91     87     90     89     89     89     92     91
 1935 -0.357  0.041 -0.233 -0.331 -0.330 -0.218 -0.150 -0.150 -0.194 -0.054 -0.326 -0.253 -0.213
 1935     91     92     94     90     90     90     89     91     91     92     91     94
 1936 -0.393 -0.339 -0.334 -0.196 -0.178 -0.150 -0.079 -0.071 -0.109 -0.040 -0.063 -0.098 -0.171
 1936     96     95     96     92     92     93     90     91     93     92     93     94
 1937 -0.125  0.072 -0.262 -0.118 -0.090 -0.007  0.025  0.041  0.148  0.131  0.066 -0.074 -0.016
 1937     94     94     95     92     91     91     92     91     90     91     92     93
 1938  0.045 -0.014 -0.025  0.034 -0.103 -0.092 -0.044  0.002  0.025  0.166  0.052 -0.198 -0.013
 1938     95     96     95     90     91     90     92     92     90     89     92     94
 1939 -0.115 -0.121 -0.295 -0.116 -0.040  0.015 -0.036 -0.036 -0.015 -0.101  0.021  0.337 -0.042
 1939     95     95     95     92     92     90     89     88     83     78     85     88
 1940 -0.047  0.080 -0.043  0.143  0.035  0.043  0.148  0.102  0.129  0.098 -0.002  0.200  0.074
 1940     87     88     85     78     87     84     84     85     83     85     84     83
 1941 -0.044  0.112 -0.123  0.033  0.058  0.055  0.156  0.036 -0.147  0.210 -0.013  0.078  0.034
 1941     83     83     86     82     80     85     86     87     85     85     87     79
 1942  0.250  0.016 -0.045 -0.009  0.122  0.027 -0.062 -0.061 -0.014 -0.093 -0.056 -0.080 -0.001
 1942     83     86     88     84     83     84     82     83     82     81     85     84
 1943 -0.191 -0.027 -0.164  0.022  0.033 -0.078  0.021  0.031 -0.015  0.230  0.104  0.110  0.006
 1943     83     84     85     80     81     81     81     81     83     80     79     81
 1944  0.324  0.124  0.116  0.044  0.118  0.106  0.148  0.207  0.165  0.210  0.090  0.083  0.145
 1944     81     82     82     82     79     81     78     78     79     79     79     78
 1945  0.093  0.045  0.035  0.209 -0.061 -0.040  0.003  0.238  0.104  0.093 -0.003 -0.201  0.043
 1945     82     81     80     79     76     77     75     77     73     74     74     78
 1946  0.041 -0.124 -0.131 -0.005 -0.084 -0.270 -0.113 -0.157 -0.098 -0.071 -0.114 -0.347 -0.123
 1946     76     85     83     85     86     84     86     88     84     85     85     91
 1947 -0.157 -0.146 -0.080 -0.062 -0.077 -0.094 -0.071 -0.119 -0.167  0.032  0.024 -0.236 -0.096
 1947     92     96     90     88     87     85     88     88     84     83     88     90
 1948 -0.023 -0.240 -0.291 -0.120  0.052 -0.014 -0.135 -0.049 -0.140 -0.061 -0.179 -0.350 -0.129
 1948     92     93     89     87     87     85     86     88     86     85     85     89
 1949 -0.029 -0.248 -0.120 -0.157 -0.119 -0.243 -0.191 -0.086 -0.137 -0.101 -0.194 -0.223 -0.154
 1949     92     92     95     91     89     90     88     89     89     89     90     93
 1950 -0.312 -0.382 -0.230 -0.254 -0.156 -0.116 -0.121 -0.168 -0.258 -0.214 -0.395 -0.270 -0.240
 1950     95     93     96     89     90     87     90     91     90     88     92     96
 1951 -0.373 -0.521 -0.276 -0.120  0.020  0.050  0.027  0.111  0.121  0.116 -0.082  0.066 -0.072
 1951     93     96     95     90     87     89     89     88     92     90     91     93
 1952  0.089  0.062 -0.168  0.039  0.017  0.015  0.084  0.094  0.090 -0.022 -0.130 -0.041  0.011
 1952     96     97     97     91     88     89     89     88     89     89     90     93
 1953 -0.009  0.093  0.010  0.225  0.149  0.141  0.043  0.088  0.087  0.084 -0.007  0.021  0.077
 1953     93     96     95     88     89     86     88     87     89     89     90     93
 1954 -0.244 -0.090 -0.183 -0.116 -0.171 -0.132 -0.198 -0.102 -0.115 -0.012  0.117 -0.165 -0.118
 1954     93     94     96     91     90     89     88     92     89     90     92     96
 1955  0.107 -0.193 -0.399 -0.231 -0.238 -0.179 -0.210 -0.090 -0.144 -0.116 -0.325 -0.368 -0.199
 1955     94     96     95     90     88     88     88     89     91     91     93     95
 1956 -0.239 -0.288 -0.362 -0.309 -0.336 -0.229 -0.210 -0.291 -0.274 -0.264 -0.220 -0.158 -0.265
 1956     99     98     99     92     93     92     92     90     93     96     96     98
 1957 -0.219 -0.159 -0.199 -0.041  0.034  0.065 -0.062  0.072  0.041 -0.000 -0.004  0.052 -0.035
 1957     98     99     99     95     94     94     94     94     94     98     97    100
 1958  0.258  0.091  0.006 -0.068  0.017 -0.154 -0.018 -0.082 -0.112 -0.017 -0.037 -0.082 -0.016
 1958    100     99     99     97     96     95     93     95     94     95     98     98
 1959  0.015 -0.007  0.018  0.029 -0.039 -0.001 -0.040 -0.038 -0.140 -0.070 -0.183 -0.102 -0.047
 1959     99     99    100     94     93     92     93     95     95     97     96     99
 1960 -0.113  0.024 -0.444 -0.261 -0.176 -0.124 -0.111 -0.001  0.005 -0.029 -0.214  0.084 -0.113
 1960     98    100    100     97     95     93     94     94     95     95     98     99
 1961 -0.046  0.097 -0.055  0.066  0.074  0.092 -0.033 -0.008 -0.025 -0.060 -0.027 -0.248 -0.014
 1961     99    100    100     96     94     94     94     96     95     98     99     99
 1962 -0.052  0.019  0.024 -0.017 -0.175 -0.051 -0.106 -0.106 -0.070 -0.036 -0.016 -0.122 -0.059
 1962    100    100    100     96     94     93     93     94     96     95     98     99
 1963 -0.114  0.045 -0.337 -0.175 -0.142 -0.063  0.065  0.152  0.127  0.070  0.051 -0.057 -0.031
 1963    100    100     99     97     95     94     92     94     96     97     97    100
 1964 -0.187 -0.220 -0.379 -0.438 -0.370 -0.166 -0.197 -0.296 -0.400 -0.309 -0.295 -0.369 -0.302
 1964    100     99     98     98     95     95     95     96     98     98     99    100
 1965 -0.159 -0.262 -0.257 -0.298 -0.188 -0.205 -0.265 -0.159 -0.244 -0.104 -0.143 -0.144 -0.202
 1965     99     99    100     99     96     95     96     96     97     98     99    100
 1966 -0.281 -0.162 -0.170 -0.169 -0.215 -0.101  0.005 -0.097 -0.082 -0.231 -0.104 -0.138 -0.145
 1966    100    100    100     97     97     95     94     95     96     98     99    100
 1967 -0.217 -0.325 -0.094 -0.132  0.061 -0.108 -0.067 -0.098 -0.122 -0.017 -0.119 -0.151 -0.116
 1967     99    100     99     98     97     96     95     96     95     96     99    100
 1968 -0.318 -0.261  0.001 -0.177 -0.222 -0.148 -0.192 -0.124 -0.221  0.012 -0.131 -0.187 -0.164
 1968    100     99    100     99     97     97     96     96     96     97     99    100
 1969 -0.158 -0.193 -0.129  0.051  0.067  0.010 -0.104 -0.068 -0.009  0.004  0.026  0.171 -0.028
 1969    100     99     98     99     98     96     98     97     98     98     99    100
 1970  0.015  0.064 -0.089 -0.078 -0.141 -0.136 -0.110 -0.197 -0.029 -0.059 -0.059 -0.190 -0.084
 1970    100    100    100     99     97     97     96     96     96     98     99    100
 1971 -0.141 -0.272 -0.337 -0.232 -0.196 -0.258 -0.182 -0.179 -0.122 -0.154 -0.149 -0.227 -0.204
 1971     99    100     99     99     96     97     97     96     97     99     99    100
 1972 -0.375 -0.276 -0.140 -0.125 -0.079 -0.030 -0.089  0.067 -0.049 -0.052 -0.048  0.114 -0.090
 1972    100    100    100     99     97     96     96     97     98     99     99    100
 1973  0.104  0.162  0.119  0.196  0.111  0.107  0.020 -0.021 -0.032  0.015 -0.023 -0.127  0.052
 1973    100    100    100     99     97     98     98     98     96     98     99    100
 1974 -0.281 -0.443 -0.236 -0.198 -0.128 -0.112 -0.132  0.027 -0.087 -0.108 -0.119 -0.207 -0.169
 1974    100    100    100     98     97     97     96     96     96     98     98    100
 1975 -0.090 -0.018 -0.005 -0.045  0.057 -0.056 -0.100 -0.228 -0.135 -0.148 -0.257 -0.245 -0.106
 1975     99    100     99     99     98     96     95     97     98     96     98    100
 1976 -0.165 -0.226 -0.332 -0.180 -0.355 -0.231 -0.168 -0.238 -0.148 -0.330 -0.132 -0.025 -0.211
 1976    100    100     98     97     97     96     95     96     96     97     97     98
 1977  0.155  0.109  0.080  0.136  0.228  0.210  0.143  0.133 -0.001 -0.015  0.122 -0.039  0.105
 1977    100    100     99     98     98     97     96     98     97     97     98     98
 1978  0.037  0.075  0.060  0.053  0.014 -0.054  0.015 -0.217  0.037 -0.060  0.094  0.011  0.006
 1978    100     99    100     99     97     97     96     97     96     97     99    100
 1979  0.048 -0.181  0.063  0.074 -0.026  0.046  0.016  0.114  0.171  0.143  0.205  0.384  0.088
 1979    100    100    100    100     99     99     99     99     99     99     99    100
 1980  0.249  0.355  0.210  0.230  0.242  0.126  0.202  0.161  0.122  0.091  0.203  0.107  0.192
 1980    100    100    100    100     99    100     99     99     98     99     99    100
 1981  0.442  0.337  0.326  0.193  0.142  0.240  0.266  0.307  0.137  0.052  0.159  0.362  0.247
 1981    100    100    100     99     99     99     97     99     98     99    100    100
 1982 -0.033  0.063 -0.140  0.020  0.087 -0.004  0.073 -0.048  0.012  0.039  0.027  0.276  0.031
 1982    100    100    100     99     98     98     98     97     98     99    100    100
 1983  0.358  0.333  0.245  0.173  0.219  0.163  0.110  0.280  0.323  0.111  0.242  0.092  0.221
 1983    100    100    100    100     99     98     98     98     99     99     99    100
 1984  0.152  0.024  0.144  0.009  0.212 -0.039  0.021  0.091  0.124  0.036 -0.061 -0.162  0.046
 1984    100    100    100    100     99     98     99     99     99     99    100    100
 1985  0.112 -0.104  0.038 -0.001  0.062  0.118 -0.027  0.139  0.115  0.035  0.012  0.052  0.046
 1985    100    100    100    100    100     99     99     99     99     99    100    100
 1986  0.113  0.303  0.131  0.127  0.138  0.037  0.038  0.088  0.021  0.050  0.036  0.026  0.092
 1986    100    100    100    100    100     99     99     99     99    100    100    100
 1987  0.213  0.313  0.098  0.185  0.162  0.260  0.343  0.208  0.259  0.267  0.183  0.366  0.238
 1987    100    100    100    100    100     99     99     99     99    100    100    100
 1988  0.453  0.327  0.381  0.322  0.314  0.329  0.252  0.254  0.253  0.252  0.024  0.171  0.278
 1988    100    100    100    100     99     99     99     99     99     99     99    100
 1989 -0.031  0.234  0.181  0.145  0.034  0.093  0.259  0.250  0.293  0.254  0.109  0.279  0.175
 1989    100    100    100    100     99     99     99     99     99     99     99     99
 1990  0.280  0.273  0.628  0.490  0.401  0.311  0.374  0.274  0.213  0.380  0.353  0.283  0.355
 1990    100    100    100    100    100     99     99     99     99     99     99     99
 1991  0.297  0.400  0.241  0.432  0.308  0.429  0.463  0.361  0.347  0.245  0.249  0.233  0.334
 1991    100    100    100    100    100    100     99     99     99    100    100    100
 1992  0.357  0.343  0.305  0.156  0.164  0.152  0.003  0.035 -0.096 -0.029 -0.040  0.090  0.120
 1992    100    100    100    100     99     99     99     98     99     99     99    100
 1993  0.257  0.274  0.233  0.191  0.191  0.161  0.156  0.078  0.041  0.148  0.060  0.143  0.161
 1993    100    100    100     99     98     99     99     99     98     99     99    100
 1994  0.192  0.002  0.234  0.246  0.198  0.312  0.177  0.168  0.265  0.342  0.350  0.243  0.227
 1994    100    100    100     99     99     99     98     98     99     99    100    100
 1995  0.411  0.633  0.351  0.416  0.259  0.375  0.437  0.387  0.275  0.376  0.367  0.167  0.371
 1995    100    100    100     99     99     99     99     99     99     99    100    100
 1996  0.209  0.454  0.277  0.243  0.234  0.213  0.322  0.351  0.201  0.122  0.308  0.315  0.271
 1996    100    100    100    100     99     99     99     99     99     99     99     99
 1997  0.242  0.288  0.387  0.367  0.310  0.486  0.343  0.404  0.463  0.566  0.607  0.517  0.415
 1997    100    100    100    100    100     99     99     99     99    100    100    100
 1998  0.557  0.791  0.580  0.642  0.632  0.663  0.655  0.647  0.430  0.410  0.375  0.480  0.572
 1998    100    100    100     99     99     99     99     99     99     99     99    100
 1999  0.382  0.595  0.250  0.262  0.241  0.319  0.307  0.299  0.271  0.303  0.279  0.309  0.318
 1999    100    100    100    100    100     99     99     99     99     99     99     99
 2000  0.173  0.489  0.437  0.527  0.299  0.345  0.325  0.374  0.308  0.190  0.241  0.197  0.326
 2000    100    100    100     99     99     99     99     99     99     99     99    100
 2001  0.357  0.385  0.512  0.444  0.483  0.443  0.507  0.499  0.489  0.461  0.686  0.536  0.483
 2001    100    100    100     99     99     99     99     99     99     99     99     99
 2002  0.640  0.634  0.787  0.557  0.497  0.443  0.567  0.496  0.499  0.497  0.488  0.341  0.537
 2002    100    100    100    100     99     99     99     99     99     99     99    100
 2003  0.651  0.481  0.474  0.465  0.514  0.420  0.481  0.611  0.569  0.653  0.490  0.651  0.538
 2003    100    100    100    100    100     99     99     99     99     99    100    100
 2004  0.501  0.629  0.518  0.516  0.347  0.308  0.236  0.459  0.461  0.517  0.646  0.410  0.462
 2004    100    100    100    100     99     99     99     99     99     99     99    100
 2005  0.643  0.527  0.640  0.626  0.550  0.567  0.553  0.582  0.631  0.680  0.636  0.595  0.602
 2005    100    100    100    100    100     99     99     99     99     99     99    100
 2006  0.494  0.636  0.531  0.476  0.464  0.570  0.476  0.631  0.545  0.609  0.655  0.709  0.566
 2006    100    100    100    100    100     99     99     99     99     99    100    100
 2007  0.889  0.630  0.583  0.718  0.572  0.497  0.559  0.579  0.506  0.553  0.528  0.412  0.586
 2007    100    100    100    100    100    100     99     99     99     99    100    100
 2008  0.204  0.260  0.603  0.441  0.428  0.377  0.531  0.452  0.545  0.590  0.617  0.462  0.459
 2008    100    100    100    100    100     99     99     99     99     99    100    100
 2009  0.580  0.457  0.439  0.521  0.548  0.620  0.676  0.619  0.677  0.617  0.694  0.632  0.590
 2009    100    100    100    100    100     99     99     99     99     99    100    100
 2010  0.706  0.779  0.851  0.819  0.708  0.643  0.611  0.609  0.560  0.639  0.728  0.430  0.674
 2010    100    100    100    100    100     99     99     99     99     99    100    100
 2011  0.452  0.423  0.549  0.591  0.438  0.541  0.639  0.651  0.536  0.574  0.507  0.490  0.533
 2011    100    100    100    100    100     99     99     99     99    100    100    100
 2012  0.365  0.456  0.416  0.603  0.652  0.625  0.566  0.645  0.635  0.724  0.716  0.456  0.572
 2012    100    100    100    100    100     99     99     99     99     99    100    100
 2013  0.602  0.519  0.576  0.566  0.551  0.656  0.585  0.636  0.719  0.648  0.765  0.600  0.619
 2013    100    100    100    100     99     99     99     99     99     99    100    100
 2014  0.664  0.483  0.681  0.730  0.728  0.614  0.581  0.729  0.761  0.738  0.629  0.678  0.668
 2014    100    100    100    100    100     99     99     99     99     99    100    100
 2015  0.732  0.773  0.787  0.684  0.726  0.752  0.710  0.799  0.818  1.014  0.985  1.035  0.818
 2015    100    100    100    100    100     99     99     99     99     99    100    100
 2016  1.079  1.216  1.176  1.023  0.873  0.769  0.761  0.940  0.837  0.812  0.839  0.772  0.925
 2016    100    100    100    100    100     99     99     99     99     99    100    100
 2017  0.947  1.062  1.044  0.835  0.775  0.650  0.793  0.802  0.723  0.804  0.795  0.806  0.836
 2017    100    100    100    100    100    100     99     99     99     99    100    100
 2018  0.707  0.776  0.776  0.811  0.701  0.727  0.724  0.734  0.677  0.858  0.732  0.816  0.753
 2018    100    100    100    100    100    100     99     99     99     99    100    100
 2019  0.813  0.835  1.077  0.925  0.777  0.808  0.851  0.836  0.813  0.954  0.933  1.026  0.887
 2019    100    100    100    100     99    100     99     99     99    100    100    100
 2020  1.058  1.110  1.075  1.050  0.894  0.811  0.822  0.809  0.867  0.799  1.007  0.692  0.916
 2020    100    100    100    100    100     99     99     99     99     99    100    100
 2021  0.707  0.565  0.737  0.757  0.698  0.718  0.791  0.809  0.875  0.928  0.864  0.758  0.767
 2021    100    100    100    100    100     99     99     99     99     99    100    100
 2022  0.782  0.753  0.890  0.767  0.750  0.847  0.778  0.875  0.816  0.951  0.669  0.745  0.802
 2022    100    100    100    100    100    100     99     99     99     99    100    100
 2023  0.783  0.886  1.129  0.925  0.880  1.059  1.161  1.213  1.348  1.327  1.342  1.264  1.110
 2023    100    100    100     99    100     99     99     99     99     99     99     99
 2024  1.146  1.276  1.221  1.207  1.061  1.094  1.130  1.216  1.143  1.201  1.210  1.129  1.169
 2024    100    100    100    100    100     99     99     99     99     99    100    100
 2025  1.256  1.116  1.161  1.090  0.952  0.882  0.931  1.016  1.102  1.090  1.075  0.918  1.049
 2025     99    100    100    100    100     99     99     99     99     99     99    100
